78.67999999999999
94.89
93.13
86.52
94.53999999999999
92.67
91.47
95.53
98.00000000000001
94.98000000000002
92.18
88.13000000000002
92.63999999999999
88.57000000000002
92.91999999999999
97.97999999999999
95.61999999999999
94.7
64.75
69.32000000000001
95.0
96.27
69.72999999999999
83.97
91.75000000000001
93.15
68.21000000000001
83.8
98.05
89.98
70.96
76.12
93.83000000000001
87.56000000000002
91.31
88.65
88.22999999999999
85.10000000000001
96.56
90.14
90.79000000000002
96.63000000000001
87.28999999999999
87.72
81.89
76.02
89.53
84.91
91.42000000000002
85.56
95.03
73.41
0.01
83.97999999999999
86.17
76.89000000000001
75.76
87.78999999999999
90.98
89.44999999999999
89.61
77.83999999999999
93.35
94.38000000000001
91.45
92.28
87.81
81.03
82.85
94.57999999999998
89.53
78.49
84.41999999999999
83.72
65.16
87.55999999999999
91.55999999999999
85.78
0.0
68.15
96.08
87.47999999999999
80.72
84.78999999999999
95.1
92.34
94.88000000000001
91.61
76.79
86.14
67.17
92.88000000000001
92.34
89.86999999999999
97.76
91.34
75.03999999999999
73.42
87.72
91.08
91.72999999999999
87.41
84.44999999999999
80.62
90.94
87.87
89.84999999999998
73.29
94.99000000000001
81.41
94.28
98.44
90.99
73.22
87.86999999999998
0.12
97.41999999999999
87.09
83.46000000000001
61.160000000000004
95.23
96.15
89.72
83.03
93.08000000000001
88.25000000000001
82.66
92.51
94.91999999999999
77.02
88.66
88.22
92.06
86.10000000000001
81.0
92.99
80.46000000000001
86.59
84.64000000000001
87.76
80.96000000000001
97.98
86.64
87.98
93.32000000000001
96.9
83.66
93.89999999999999
87.53
78.39000000000001
92.68
96.46000000000001
88.25000000000001
76.85
83.86000000000001
86.53
92.30999999999999
91.64000000000001
90.89000000000001
93.36
89.53999999999999
86.76
77.72
72.15
96.78999999999999
94.41999999999999
56.260000000000005
84.27
86.04
84.47
91.72
76.53
85.68
83.39999999999999
80.32
79.12
93.48
70.5
76.77
77.41
95.39
94.94
96.4
90.52000000000001
71.81
92.21
76.89000000000001
94.24000000000001
95.4
84.89000000000001
69.38
87.78
97.55
80.55000000000001
91.10999999999999
98.59
92.53000000000002
94.31
55.980000000000004
93.96000000000001
89.44
87.07000000000001
95.21000000000001
85.11
90.78
90.67999999999999
89.15999999999998
83.22
73.8
74.53
60.03000000000001
82.62000000000002
92.98999999999998
76.10999999999999
92.06
75.99
90.33
70.47999999999999
90.85
97.02
85.80999999999999
80.92
86.93999999999998
92.91
79.88
85.18
94.59
94.93000000000002
95.21000000000001
90.83
79.72
95.42000000000002
97.00999999999999
71.06
91.61
90.52000000000001
87.79999999999998
0.0
95.95
80.55000000000001
80.51
79.33
93.04
89.39999999999999
88.37
90.97
92.65000000000002
97.38
93.28999999999999
97.76
95.58
94.46000000000001
97.0
54.61
92.30000000000001
91.51000000000002
92.16
87.9
92.53
93.41000000000001
92.63000000000001
87.43
90.30000000000001
86.74
87.53999999999999
72.61
83.33000000000001
92.9
94.33000000000001
76.73999999999998
86.25
92.37999999999998
93.58000000000001
91.33
58.85
71.67
88.42999999999999
93.83000000000001
93.35000000000001
62.83
73.72
85.28999999999999
83.27000000000001
70.25
71.85
70.97999999999999
85.23
73.66
67.32000000000001
85.38000000000001
79.41
89.91
79.15
83.08
77.83
78.32000000000001
76.08
94.64
89.80000000000001
83.24999999999999
81.77000000000001
98.06
94.82
90.35000000000001
86.85999999999999
75.27000000000001
92.72
94.31
0.0
67.26
85.21000000000001
90.50999999999999
92.2
79.7
83.48
93.17
90.99
81.57999999999998
93.56
83.77000000000001
95.47
97.2
84.94
93.64
78.04999999999998
89.92999999999999
86.92999999999999
0.0
92.64999999999999
82.10000000000001
87.83
89.98
83.55000000000001
85.41999999999999
86.4
67.44
83.98
87.33
95.91
93.86
96.99000000000001
85.97999999999999
95.16999999999999
85.48
90.75
87.71
73.0
91.81
78.91
91.01
87.8
82.09
0.02
68.53
81.67999999999999
96.14
66.05
91.66999999999999
78.9
87.24000000000001
74.91
61.77
93.3
94.21000000000001
77.78
84.65
89.01
93.71
93.21000000000001
93.92
80.15
93.18
77.3
95.37
76.65
95.21
91.49999999999999
86.41
0.0
87.2
97.33
97.99
94.55999999999999
89.88000000000001
85.42
79.87
92.59
94.59
91.17999999999999
0.02
0.0
85.94999999999999
93.67999999999999
61.989999999999995
95.77000000000001
89.71000000000001
94.17999999999999
88.14000000000001
92.75999999999999
87.08
84.28
98.00999999999999
80.44000000000001
88.78999999999999
76.52
91.52
85.93
93.22
85.77999999999999
94.74
88.97
88.97
76.22999999999999
84.33
85.27000000000001
88.16
96.97
79.22999999999999
77.86
91.75
93.90000000000002
75.08000000000001
97.54
79.23999999999998
68.35
88.97
70.35
73.26
90.33000000000001
76.06
82.36999999999999
97.69000000000001
87.65999999999998
89.21000000000001
97.2
85.53
84.84
0.06999999999999999
89.24
94.14
92.59
91.89999999999998
0.0
86.87
90.46000000000001
62.56999999999999
56.879999999999995
68.04
79.75
72.05
94.57999999999998
97.99
0.06999999999999999
87.98
73.19
97.63000000000001
83.96999999999998
86.58000000000001
94.30999999999999
80.03
79.67
87.54999999999998
89.85000000000001
97.66
0.15999999999999998
88.24999999999999
79.14999999999999
84.94000000000001
95.53
92.58000000000001
92.07000000000001
89.07000000000001
87.95
91.41
77.13000000000001
87.63000000000001
83.14
95.46000000000001
95.68
0.05
88.8
95.76
89.43999999999998
96.21000000000001
97.72999999999999
94.86999999999998
78.25
76.78999999999999
79.34
93.92
89.92999999999999
80.87
80.75000000000001
82.81
92.97
0.02
95.62
94.7
92.52000000000001
96.93000000000002
89.03999999999999
97.05000000000001
89.39
85.28999999999999
95.42999999999999
97.65
89.19
0.0
79.69
84.91
83.35
87.36
0.05
62.31000000000002
93.39000000000001
89.83000000000001
86.93
95.94
88.0
81.69
87.30000000000001
95.93
0.0
79.58000000000001
84.07000000000001
75.76000000000002
95.66
92.37000000000002
92.43
98.53
83.2
87.38000000000001
90.67999999999999
68.71000000000001
95.08
83.25999999999999
85.3
68.41
96.06000000000002
88.08999999999999
73.74
91.58000000000001
84.85
63.73
90.86
93.21000000000001
81.41000000000001
85.42
91.04999999999998
78.30000000000001
96.46
96.11999999999999
96.55000000000001
66.75
65.64000000000001
76.57000000000001
4.6899999999999995
0.0
89.96000000000001
87.97999999999999
92.53999999999999
87.03999999999999
93.53
87.8
96.03
96.64
88.51
96.35000000000001
79.8
98.10000000000001
56.019999999999996
92.7
87.1
77.09
90.9
87.47
58.65999999999999
83.89
95.75
87.87999999999998
90.05
94.81
79.32000000000001
88.28999999999999
91.61
79.67
90.35999999999999
88.84
84.33000000000001
86.66000000000001
91.47
71.66999999999999
79.13
96.3
91.22
92.19
84.17000000000002
86.37
84.86
64.35
81.85
87.83
80.99
68.81
54.830000000000005
90.27
92.32000000000001
91.50000000000001
91.7
89.27
91.26
89.03
92.03
83.36999999999998
87.48999999999998
88.6
87.27
93.66000000000001
87.64
88.67
89.21000000000001
72.82000000000001
82.86999999999999
83.97
91.75
88.96
95.5
88.19
72.46000000000001
87.4
84.21
95.81000000000002
78.07000000000001
91.05
94.53999999999999
97.79
68.34
93.5
63.64999999999999
84.34
89.06
93.94999999999999
88.03999999999999
83.32999999999998
87.97999999999999
82.51
0.0
82.30999999999999
94.34
91.2
83.06
86.26999999999998
84.6
78.66999999999999
95.37999999999998
88.98
87.41999999999999
95.61000000000003
92.47
83.25
87.85000000000001
94.72999999999999
94.84
83.76
80.17999999999999
85.47
92.05000000000001
92.49000000000001
76.82000000000001
97.66
88.02000000000001
86.47
96.32
82.99
90.49999999999999
91.9
81.56
87.36
94.05999999999999
91.22999999999999
74.67999999999998
89.30999999999997
83.16000000000001
93.58000000000001
81.34
91.4
75.75999999999999
0.0
97.37999999999998
89.09
98.01999999999998
97.42999999999999
97.22999999999999
85.64
75.25
78.13
88.11
91.69
73.81
88.77000000000001
92.88
77.02
89.22
75.66
82.74000000000001
63.419999999999995
86.82000000000002
89.32000000000001
89.89999999999999
86.61000000000001
95.16
82.08000000000001
89.54
93.85
94.49000000000002
97.46000000000001
79.81
82.60000000000001
74.78999999999999
91.37999999999998
86.67999999999998
95.19
85.69
86.36999999999999
88.9
95.46000000000001
80.57000000000001
90.92999999999999
87.53
97.1
85.27
92.66999999999999
84.67999999999999
0.01
93.47999999999999
76.12
96.07999999999998
90.35
91.28
91.06
93.64
92.43000000000002
95.15
85.77
74.3
69.55999999999999
94.65
90.53999999999999
95.74
85.21
92.60000000000001
0.12
91.14000000000001
97.43
78.69000000000001
86.54
91.58000000000001
97.17
95.7
87.10000000000001
86.18999999999998
61.8
80.22999999999999
91.09
96.13000000000001
92.47
91.25
84.72
91.87
80.92
81.82000000000001
61.33
95.05999999999999
89.96
89.65
91.05999999999999
89.96
94.30999999999999
98.04999999999998
87.94
87.91000000000001
88.09
88.78
83.57000000000001
86.36
86.63000000000001
97.49
83.38
88.97999999999999
79.2
91.38
95.50000000000001
96.67999999999999
88.28
88.45
77.32
76.48
93.66000000000001
88.34
89.96000000000001
85.10999999999999
85.85
74.74
87.57
91.83
90.09
92.62
97.14999999999999
90.66
91.91
62.65
93.83000000000001
70.3
68.4
93.77000000000001
85.64000000000001
97.41
92.78
78.94
89.81
93.11999999999999
56.33
82.96
90.58999999999999
93.72000000000001
96.44
94.28999999999999
90.74999999999999
72.41
82.77000000000001
78.94
81.9
90.56
0.0
96.91
88.84
56.55999999999999
85.99
93.03999999999999
62.45
93.37
61.620000000000005
94.68
96.28
95.46
0.0
86.47999999999999
92.72000000000001
81.96
87.25999999999999
81.94000000000003
95.05000000000001
87.58
0.0
79.83
90.22999999999999
69.46999999999998
90.08000000000001
92.00000000000001
88.74000000000001
86.49
81.13
93.71000000000001
92.49
95.41
82.35
96.70000000000002
87.84
96.82000000000001
79.38000000000001
83.28999999999999
83.6
92.98999999999998
97.57999999999998
77.31
94.24
84.97999999999999
96.18000000000002
81.26
89.10999999999999
97.03
84.21
89.02000000000001
96.32000000000001
90.53999999999999
91.41999999999999
87.19
88.57000000000001
95.25
90.38
0.0
89.85999999999999
95.45
91.88
77.53999999999999
94.63999999999999
83.44
67.9
68.62
95.4
57.460000000000015
90.77000000000001
81.67999999999999
77.49000000000001
92.13000000000001
86.89000000000001
92.8
93.4
97.87
0.14999999999999997
89.05
88.38
91.76000000000002
75.99000000000001
67.67999999999999
83.16
83.60999999999999
97.69
94.0
87.33
94.15
91.3
97.51000000000002
79.91
62.55
71.73999999999998
90.14
80.18
96.62
84.29999999999998
92.5
82.00999999999999
72.78
86.86000000000001
95.65
89.30999999999999
77.86999999999999
87.65
77.38000000000001
95.95000000000002
94.91999999999999
68.46
93.66999999999999
94.42
86.89
0.0
94.45
86.42999999999999
89.94
91.33000000000001
88.01
86.75
88.14000000000001
92.70000000000002
90.25
98.54
91.23000000000002
87.9
76.07999999999998
89.97999999999999
90.88
89.91
62.25999999999999
89.28999999999999
75.97999999999999
83.30000000000001
74.94000000000001
84.53999999999999
96.67999999999999
93.19999999999999
90.77000000000001
91.18999999999998
62.2
79.49
91.69
84.21000000000001
83.19
97.03999999999999
61.02
96.46000000000001
93.35
92.45
74.15
86.55
84.21000000000001
96.8
81.80999999999999
95.2
74.52
97.45
94.89999999999999
77.85
95.72
90.35
95.18000000000002
62.85
88.86
92.28
96.06
97.14
92.9
89.17999999999998
89.34
94.42
75.82000000000001
94.47
89.44999999999999
86.10999999999999
89.91
91.24999999999999
97.2
93.08000000000001
93.4
91.10000000000001
85.22
85.71000000000001
97.06000000000002
97.03999999999999
78.24000000000002
0.18
97.57999999999998
96.6
90.28
83.58
97.41999999999999
94.99
93.52000000000001
82.39
83.21000000000001
91.53
92.84
85.33000000000001
83.65
89.69000000000001
97.6
97.86999999999999
98.09
86.92999999999999
93.07
74.05
59.470000000000006
95.31000000000002
87.81000000000002
93.74000000000001
92.55999999999999
75.86
89.50999999999999
75.95
69.98
80.17
89.35
69.81
0.04
93.83
77.08
92.88000000000001
92.74
77.6
91.78999999999999
93.54
96.4
96.16
88.22
93.99000000000001
80.63000000000001
65.42
96.2
94.08
85.77
84.71000000000001
84.25999999999999
89.36
72.44
84.93
97.1
80.99
81.03
91.42999999999999
91.9
65.88
85.74000000000002
92.75000000000001
92.36
93.03999999999999
92.46
90.96000000000001
94.78
97.41
90.54
90.11000000000001
90.71000000000001
81.16999999999999
75.58
95.45
0.0
72.94000000000001
90.35
89.69999999999999
90.93
88.41000000000001
85.81
93.85
92.46000000000001
76.47999999999999
82.38000000000001
86.75999999999999
93.7
94.64
81.68999999999998
94.61
89.53999999999999
90.31000000000002
86.71
74.44999999999999
92.78999999999999
82.72
85.38
91.57999999999998
79.37000000000002
93.39
80.08
90.11999999999999
81.67999999999999
93.82
89.61999999999999
76.66
97.63000000000001
89.58
85.32000000000001
94.53
90.22
96.6
73.24000000000001
0.0
97.68
92.32000000000001
88.11999999999999
94.82
86.84
94.1
88.00999999999999
89.97999999999999
80.59
91.05
0.06999999999999999
94.33999999999999
93.64
92.15
71.53999999999999
0.01
91.4
89.61999999999999
92.61
89.34
88.45000000000002
89.13
97.72999999999999
85.31
92.72
91.77000000000001
96.74
82.91000000000001
97.66
89.33
78.26000000000002
86.05999999999999
76.89000000000001
98.09
79.78
77.24000000000001
76.71000000000001
87.37999999999998
89.69
91.57000000000001
96.55
76.8
90.32
92.2
94.67999999999999
83.31000000000002
94.53
96.03999999999999
84.71000000000001
86.06
97.78
90.34
96.44000000000001
85.37
74.08000000000001
0.18
96.04999999999998
81.23
92.48
91.28
93.33000000000001
87.66999999999999
77.19
91.49
0.0
94.59
88.24000000000001
92.1
97.83
85.46000000000001
83.08
85.81
84.41
89.28999999999999
85.22999999999999
95.72999999999999
77.16
78.9
82.75
96.4
89.75999999999999
89.19000000000001
82.11
80.11999999999999
92.42
91.02000000000001
77.3
0.01
87.39000000000001
94.54999999999998
90.62
86.02000000000001
81.88000000000001
86.54999999999998
80.68
90.38000000000001
84.73999999999998
89.27000000000001
94.11999999999999
90.61
88.47
91.63
97.97
81.71
88.71
84.81
65.85
79.25
81.31000000000002
95.01
82.08000000000001
97.77000000000001
89.91999999999999
81.95000000000002
98.47
82.38000000000001
0.0
76.86
95.28999999999999
98.57000000000001
74.96
92.66
90.98
94.27
83.85999999999999
86.96000000000001
93.93
74.65
92.87
88.82000000000001
89.13
85.02000000000001
96.0
98.47
72.15
0.0
89.85999999999999
92.39999999999999
90.74
68.47
63.96
69.14
92.14
97.38
96.44
94.52
64.94
84.66999999999999
79.68
0.030000000000000006
91.88000000000001
93.30999999999999
87.99
91.59
87.36
87.32999999999998
97.09
65.91999999999999
95.41
89.94999999999999
92.86000000000001
97.99999999999999
90.61999999999999
86.53999999999999
87.66
97.78999999999999
88.55
91.16
89.05
90.71
86.58000000000001
83.49999999999999
94.42
94.69000000000001
87.00000000000001
64.11000000000001
96.2
84.11
82.7
83.03999999999999
86.75000000000001
85.95
0.0
96.47
80.72
95.85
94.1
83.80999999999999
81.05000000000001
78.57000000000001
72.34
86.91
93.32000000000001
84.37
94.46000000000001
92.71000000000001
0.0
91.51
92.52000000000001
97.28999999999999
87.04999999999998
0.01
82.47
94.12000000000002
0.12
0.0
0.01
71.33999999999999
92.4
0.0
0.0
98.21
85.52
84.84
94.34
73.72999999999999
69.85
87.95
96.88999999999999
95.91999999999999
92.97
86.65
85.86999999999999
78.28
89.58
85.89999999999999
88.71000000000001
91.00000000000001
93.13
92.53999999999999
95.13000000000001
86.03000000000002
95.11
91.98999999999998
97.41
63.42999999999999
82.57000000000001
0.02
96.83000000000001
76.88000000000001
76.33000000000001
89.22
97.93
80.71
78.60000000000001
76.58000000000001
71.32
93.99
78.25
88.0
87.15000000000002
88.8
95.67
94.6
84.42999999999999
76.37
91.4
94.59
94.96000000000001
80.11
90.16
83.01
92.52000000000001
76.91
90.4
87.61
89.41
86.3
92.08000000000001
88.04999999999998
94.67
97.89000000000001
81.11
88.54999999999998
83.47
91.16999999999999
86.55999999999999
0.030000000000000006
96.35
94.9
86.43999999999998
0.01
80.72
92.86999999999999
83.89000000000001
98.10999999999999
96.46
70.09
94.97
68.23000000000002
91.09
94.00000000000001
73.09
91.85999999999999
89.33000000000001
89.43
81.15
81.35
75.6
83.66999999999999
85.92999999999999
93.37000000000002
82.32000000000001
59.35
75.91
75.49999999999999
84.03
71.20000000000002
91.80000000000001
91.88
89.43
95.33000000000001
73.16
89.04
88.47
84.85
85.75
87.76
96.18
88.07
62.61
82.28999999999999
0.0
92.42999999999999
93.85000000000001
82.15
86.66
81.25999999999999
74.94
90.59
89.01999999999998
95.07000000000001
81.6
93.58000000000001
0.01
89.9
90.21000000000001
84.3
91.21000000000001
94.85000000000001
92.30999999999999
84.49000000000001
61.94000000000001
85.4
94.82
78.64
90.8
69.23
92.24999999999999
96.75999999999999
90.76
87.6
84.10999999999999
95.4
94.18
83.31
97.37
94.51
89.57999999999998
66.71000000000001
69.85
97.34999999999998
87.44000000000001
73.69
89.99000000000001
90.89
86.57000000000001
95.26
90.82000000000001
95.99
0.0
89.35
94.33
84.55000000000001
82.94000000000001
96.77000000000001
92.68
86.21000000000001
90.25999999999999
79.66
87.36
0.0
91.65
92.14999999999999
73.35999999999999
88.96000000000001
95.72
97.76
92.78999999999999
90.22
87.79
87.61999999999999
93.94000000000001
94.93999999999998
75.88999999999999
94.92000000000002
73.64
64.05
75.81
89.60999999999999
91.05
76.19000000000001
94.12
85.3
94.43
75.22
84.31
87.85
91.59
94.60999999999999
92.54000000000002
84.24000000000001
85.51000000000002
97.91000000000001
82.51
88.02000000000001
90.46000000000001
93.64
78.55
95.16
90.59
92.87000000000002
94.15
85.75000000000001
75.98
80.45
90.75999999999999
98.04
78.35
74.75
83.98
86.67999999999999
83.03
87.24
58.8
84.77
90.88
90.9
91.57
96.45000000000002
86.49
0.21999999999999997
90.71
0.0
90.67
93.95
94.69999999999999
92.17999999999999
74.57
88.55
96.44999999999999
84.1
89.16
91.05
90.35
93.05999999999999
84.41999999999999
88.59
65.63999999999999
90.54
92.99999999999999
90.04
94.34
85.57000000000001
95.16
95.04999999999998
97.8
0.0
94.09000000000002
83.86
95.86
0.0
57.69999999999999
95.16
90.16
81.92999999999998
85.19000000000001
97.08
92.73000000000002
96.53999999999999
94.64
84.89
91.82
96.71000000000001
57.720000000000006
79.57
74.86000000000001
88.27000000000001
94.9
82.07999999999998
92.43
62.120000000000005
85.19
93.14000000000001
94.08
81.52
0.0
87.91
85.85
94.1
89.84
83.03999999999999
87.38000000000001
96.85
97.4
89.68
90.11
80.22999999999999
92.15
74.98
94.66
0.0
87.16
88.37
78.03
83.96
61.95000000000001
75.78999999999999
87.72999999999999
92.38000000000001
91.99
96.73
76.05
81.34
80.00999999999999
75.97999999999999
95.1
87.80999999999997
98.1
84.39
90.2
86.33
98.59
83.78999999999999
68.61
89.07000000000001
64.39
97.79999999999998
93.60000000000001
91.25
86.66
84.86999999999999
87.75
92.54999999999998
95.94999999999999
94.59
93.03
94.46
92.05999999999999
97.01
82.71000000000001
96.8
89.68999999999998
90.77
94.57000000000001
82.50999999999999
92.16
94.69000000000001
74.07000000000002
86.05
83.52000000000001
85.67999999999999
95.49000000000001
91.98
96.31
93.82000000000001
0.06999999999999999
87.00999999999999
85.86000000000001
95.95000000000002
92.14
0.0
84.47999999999999
94.1
67.82000000000001
88.59
79.98000000000002
89.80999999999999
90.34
94.68
91.83
88.02000000000001
87.85
96.8
90.86
92.41
84.11
77.50000000000001
86.19
86.54
97.74
58.61
78.52
95.64
73.07
87.85000000000001
79.53999999999999
93.32000000000002
80.62
94.55
73.35
96.92999999999999
83.4
76.49
64.95000000000002
84.85
86.1
77.98000000000002
97.02
90.98
71.7
88.22
96.29
79.96000000000001
96.65
0.01
85.78999999999999
61.21
91.25
78.65
91.54
85.16
66.00999999999999
72.18
61.27
0.19
83.53999999999999
81.55
86.53999999999999
93.78999999999999
92.19000000000001
92.59
0.22999999999999998
88.87
87.74
83.42999999999998
0.15
89.55000000000001
88.4
79.8
77.10000000000001
95.14000000000001
80.03999999999999
85.61
86.08000000000001
77.80000000000001
77.10999999999999
89.6
92.23
74.43000000000002
58.94
92.04999999999998
90.33
91.64
85.05
87.38000000000001
90.89000000000001
93.77000000000001
86.82
89.10000000000001
85.17999999999999
92.35999999999999
91.63000000000001
92.44
94.49
87.01
97.65
0.0
96.38999999999999
96.3
84.34
88.67999999999999
91.14
93.25
90.52
78.75
78.09
88.75
79.45
88.19
85.85999999999999
88.70000000000002
89.73
83.14
87.99
77.88999999999999
94.18
92.91
98.05999999999997
97.17999999999999
93.53999999999999
90.08999999999999
83.12000000000002
91.38
89.28999999999999
67.23
89.99999999999999
89.87
96.50000000000001
86.22999999999999
92.24
93.81
94.46
87.77999999999999
91.91
90.56000000000002
86.88000000000001
66.35
92.91
85.92
86.33
0.08
93.14
83.72
90.95
91.33
86.14
82.68
78.45
90.62000000000002
96.33
97.63000000000001
93.42
86.53999999999999
97.74
79.09
77.9
89.56
90.59
75.74
93.09
94.14000000000001
78.76
92.94000000000001
94.86999999999999
77.08000000000001
93.24000000000001
73.46000000000001
78.10999999999999
92.1
94.1
72.27000000000001
0.42000000000000004
88.84
90.5
97.99000000000001
94.82999999999998
71.61000000000001
84.46000000000001
82.06000000000002
90.96
69.61999999999999
88.97999999999999
80.20000000000002
0.0
84.48
92.19
98.02000000000001
89.1
91.49
89.83999999999999
66.55999999999999
94.34
89.86
75.76000000000002
86.16999999999999
89.29
92.16
92.89999999999999
86.33000000000001
93.6
94.42
93.95
89.47
0.01
82.69999999999999
64.67999999999998
89.96
95.96000000000001
80.32
90.16
97.38
84.39000000000001
90.72
93.94000000000001
90.82
86.76
98.19
88.41
88.47999999999999
98.03
84.72
77.4
91.38000000000001
92.56
83.95
92.47
81.17
85.74
94.64
89.50999999999999
92.84
60.5
81.35
93.85
93.96000000000001
96.81
85.39
97.30999999999999
93.2
92.98999999999998
91.14999999999999
86.88000000000001
85.59
77.91999999999999
82.08
94.03
89.66000000000001
85.14
80.27
83.24999999999999
95.54
90.41999999999999
75.67
0.0
82.50999999999999
95.52
92.19999999999999
87.36999999999999
91.21000000000001
95.58
91.86999999999999
93.94000000000001
90.02000000000001
88.35999999999999
93.71000000000001
71.43
87.97
89.64
84.25
88.01
91.47
86.05
89.47999999999999
89.96
95.78999999999999
74.33
96.94
95.04999999999998
79.72
66.28
83.21000000000001
95.80000000000001
93.1
61.910000000000004
76.0
94.80000000000001
95.76
85.55000000000001
93.74
86.66
94.26000000000002
85.80999999999999
68.46000000000001
64.28999999999999
93.78
89.87
87.68
92.13000000000002
85.4
70.16
95.05999999999999
85.22
73.61999999999998
93.39
71.2
0.0
97.64999999999999
88.15
98.25
92.16
77.08000000000001
0.12000000000000002
0.02
86.10000000000001
97.07000000000001
88.74
79.08000000000001
91.75
76.49
79.82
86.53
96.41
96.72
88.04999999999998
96.50999999999999
89.88
91.98999999999998
87.46000000000001
78.56999999999998
93.6
0.22000000000000003
87.36
76.77000000000001
89.39
0.0
91.09
90.58000000000001
92.89999999999999
94.73
89.0
94.27000000000001
83.16
74.64999999999999
87.07000000000001
92.15
90.08
88.6
86.47
91.61
90.16
86.22999999999999
73.19000000000001
89.08
94.29
0.0
92.92
65.24000000000001
94.30000000000001
95.91
96.52
93.96000000000001
70.50999999999999
98.03
91.61999999999999
97.67999999999998
0.0
90.81999999999998
92.64000000000001
83.04
86.37
0.13
81.75999999999999
95.48
84.17999999999999
93.36
90.16000000000001
80.35999999999999
83.11999999999999
86.63
91.69
87.84
0.01
96.94000000000001
95.91
87.08999999999999
97.33000000000001
84.32
80.55
94.58
95.99
91.68
95.22
97.36999999999999
80.82000000000001
87.06000000000002
0.01
88.55
92.74000000000001
88.45
89.67999999999999
96.78
92.83000000000001
92.49
85.54999999999998
98.21
95.00999999999999
84.95
89.11
60.11
82.71000000000001
72.41999999999999
67.60999999999999
88.05000000000001
93.85
0.01
94.78999999999999
92.1
90.77000000000001
92.62
86.06999999999998
86.31
55.81999999999999
80.19000000000001
93.17000000000002
96.1
90.22
82.2
93.48999999999998
73.26999999999998
74.42
97.30999999999999
92.9
90.23999999999998
75.67999999999999
79.52000000000001
77.43
93.78
86.61999999999999
95.05
87.1
68.53999999999999
79.63000000000001
86.73
85.67999999999999
88.47999999999999
82.80999999999999
96.15
0.0
92.93
85.53999999999999
89.75
77.59
87.17999999999999
92.50999999999999
91.06999999999998
90.16
78.24999999999999
83.85999999999999
74.66
84.89000000000001
97.61999999999999
91.21000000000001
93.39
76.72
92.60999999999999
79.66
95.52000000000001
94.8
92.69999999999999
58.92999999999999
96.99000000000001
90.4
73.75999999999999
82.95
87.77000000000001
83.20000000000002
0.0
95.07000000000001
95.51
90.77
86.94
70.30000000000001
88.78999999999999
96.53999999999999
83.16999999999999
94.0
93.5
80.55
86.55999999999999
80.66
67.53999999999999
88.21
91.65999999999998
96.14
92.76
84.58
92.33
78.96
90.55999999999999
66.47
94.87
92.8
73.46000000000001
90.71000000000001
93.03
0.13
81.35999999999999
94.97999999999999
95.53999999999999
77.97
74.95
92.46000000000001
0.13
94.09
89.64999999999999
63.5
88.67
76.63000000000001
77.75000000000001
96.34
89.53999999999999
71.64000000000001
96.15
91.72
88.32
89.67
92.35000000000001
97.86
84.60000000000001
81.56
90.3
79.78999999999999
80.35000000000001
75.53999999999999
72.35
0.0
88.4
87.12
89.15
83.75
72.99
95.62999999999998
93.24
0.04
62.77
90.64999999999999
90.03999999999999
91.7
66.88
59.73
89.94000000000001
87.62
77.94
73.87
97.67
88.01
90.83000000000001
93.28999999999999
89.4
95.8
65.03999999999999
90.43
93.42999999999999
58.04
89.77000000000001
77.00000000000001
68.67999999999999
80.77999999999999
91.46
87.39999999999999
96.94999999999997
83.14999999999999
93.26999999999998
83.52
85.56
85.99000000000001
94.71
96.63
91.16000000000001
87.91999999999999
89.74
95.22
74.93
90.26
90.04
0.19
89.19000000000001
78.95000000000002
83.35
97.67999999999999
79.13000000000001
84.17
88.03999999999999
90.6
71.94999999999999
92.4
87.54
79.96000000000001
96.45
90.03
97.41
80.94
77.88
95.11000000000001
83.39000000000001
73.21000000000001
91.93
86.47999999999999
79.7
83.47999999999999
86.66999999999999
97.76
88.96
88.21000000000001
74.57000000000002
76.97
76.37
73.19
95.21000000000001
95.03
88.41
76.62
89.71000000000001
86.49000000000001
61.95
86.16
81.03999999999999
90.92999999999999
92.21000000000001
87.83000000000001
85.33000000000001
0.04
90.65000000000002
90.89000000000001
81.09
89.24000000000001
92.53999999999999
71.08000000000001
87.86999999999999
71.66
77.5
74.44000000000001
77.56
66.78999999999999
92.09
87.6
72.22
90.27
86.17
94.75
89.31
91.35
97.72999999999999
96.32
92.33000000000001
89.49000000000001
63.620000000000005
75.34
97.05
83.21000000000001
92.44
97.84
87.73
94.98
84.72999999999999
89.7
93.35999999999999
82.01
92.12
89.96000000000001
87.04
97.3
86.17
68.12
91.58
93.31
90.70999999999998
84.16999999999999
85.68
73.36
94.94000000000001
97.35
92.01
94.67000000000002
88.05000000000001
86.32000000000001
93.81
95.55
96.57000000000001
84.47
85.23
94.58999999999999
74.64
93.52000000000001
95.86
74.47
75.81
56.96
0.18000000000000002
58.30999999999999
77.47
79.32000000000001
73.08000000000001
89.83
93.95
87.85999999999999
91.00000000000001
94.67
83.51
63.02
84.18
85.57
81.75
88.15
86.64
91.89999999999999
83.91999999999999
83.77
93.05999999999999
94.81
83.16
84.69000000000001
94.96000000000001
87.74
90.07
77.98
86.35999999999999
87.28999999999999
95.81000000000002
83.63
63.08999999999999
94.78
88.07000000000001
65.99
88.81
94.47999999999999
97.48999999999998
80.16000000000001
92.41
92.17999999999998
89.7
93.13999999999999
79.57000000000001
94.37
95.41999999999999
79.83
88.78
83.41
94.33000000000001
73.99000000000001
70.66999999999999
83.94
75.4
80.17
82.69000000000001
84.89
91.94
73.22
87.85
96.35
82.08
84.05
76.96
88.67999999999999
79.92000000000002
98.13000000000001
86.17
80.89
0.0
92.27000000000001
95.60999999999999
0.0
94.53
80.91
66.76
97.77999999999999
83.94
85.33
75.13
94.38000000000002
93.85000000000001
93.73
97.66999999999999
83.12
81.74
87.06
94.02000000000001
68.42999999999999
84.58000000000001
88.25000000000001
87.51
86.59
65.76000000000002
0.0
85.3
85.68000000000002
94.2
89.42
75.73999999999998
85.66
92.78999999999999
87.17
91.78
73.6
85.09
89.64000000000001
96.27000000000001
86.08000000000001
86.16999999999999
76.61999999999999
86.55000000000001
93.27
85.3
87.98
74.29999999999998
92.07
88.42999999999999
88.33
90.39999999999998
89.31
92.00999999999999
88.10999999999999
96.78
0.0
98.25
73.41
85.03999999999999
92.24000000000001
92.63000000000002
83.65
90.53
74.36999999999999
96.02000000000001
72.33999999999999
0.01
90.84
86.92999999999999
89.53
83.42999999999999
97.63
92.18999999999998
86.72999999999999
89.96000000000001
76.2
56.65
94.10999999999999
76.12999999999998
72.35
78.93
93.12
92.39
81.0
93.55
79.22
96.49000000000001
84.94000000000001
94.05
89.91
96.48999999999998
97.92000000000002
88.39
85.87
76.57000000000001
90.84
88.49000000000001
84.89
95.87
82.22
76.91999999999999
64.99
88.71000000000001
97.55
69.69000000000001
78.66999999999999
90.16
91.75
90.35
86.97999999999999
88.74
88.38000000000001
65.79999999999998
71.31
78.26
80.69
79.35
88.70000000000002
89.72999999999999
67.28
94.21
94.74
95.82000000000001
88.26
94.59
91.86
86.11
95.81
78.16
92.58000000000001
86.47
72.67999999999999
79.6
89.28
79.85
85.79999999999998
72.03
68.31
93.06999999999998
97.0
97.31
88.72
70.35
95.32000000000001
86.48
85.60000000000001
98.23999999999998
92.95000000000002
90.68000000000002
93.86999999999999
97.48
97.56
97.37
77.38000000000001
0.01
72.99000000000001
90.22
86.16
88.89000000000001
72.18
94.95
87.94
58.04
76.05
88.34
74.34
82.74
96.17999999999999
88.11999999999998
82.36
82.51
93.17
0.0
90.0
94.93
90.37
96.02000000000001
95.17
94.94
92.33000000000001
86.44
83.11
81.11999999999998
77.83000000000001
89.83
85.80999999999999
91.01
93.79999999999998
96.61999999999999
90.89000000000001
89.47
91.46000000000001
73.34
94.10000000000001
94.45
57.42
93.22999999999999
81.5
0.06999999999999999
77.82
92.75
92.66
91.32000000000001
90.76
81.7
92.00000000000001
76.45
95.53
93.21
96.38
91.52000000000001
92.71999999999998
89.53999999999999
0.0
91.03999999999999
94.75
82.28
88.43999999999998
81.54999999999998
90.93
97.85000000000001
66.42000000000002
74.21
78.94
78.53999999999999
81.07000000000001
86.93999999999998
88.1
87.9
83.70000000000002
95.05
84.94000000000001
86.05999999999997
89.09
0.0
86.64
0.0
95.89
91.13000000000001
86.9
95.29999999999998
88.14000000000001
72.63
78.24999999999999
77.55
96.14
80.68
94.91
68.33000000000001
93.61000000000001
89.92999999999998
92.22999999999999
0.0
98.11999999999998
87.42999999999999
85.03999999999999
77.69000000000001
